step,return,map
1,0.05,flood_1
1,0.1,flood_2
1,0.2,flood_3
